{
  "motiondata": [
    {
      "position": [
        197.5951790809631,
        -426.988422870636,
        2385.946989059448
      ],
      "positionTracked": true,
      "id": 4168,
      "skeleton": {
        "1": {
          "id": 1,
          "position": [
            242.2820329666138,
            179.9878031015396,
            2569.079160690308
          ],
          "positionconfidence": 1,
          "rotation": [
            0.9999996423721313,
            0.0008196549606509507,
            0,
            -0.0008154808892868459,
            0.9949072003364563,
            0.1007927283644676,
            0.00008261526090791449,
            -0.1007926911115646,
            0.9949074983596802
          ],
          "rotationconfidence": 1
        },
        "2": {
          "id": 2,
          "position": [
            242.4461841583252,
            -20.28077654540539,
            2548.790216445923
          ],
          "positionconfidence": 1,
          "rotation": [
            0.9998531341552734,
            -0.0009146943921223283,
            0.01711826957762241,
            -0.0008154808892868459,
            0.9949072003364563,
            0.1007927283644676,
            -0.01712328195571899,
            -0.1007918640971184,
            0.9947601556777954
          ],
          "rotationconfidence": 1
        },
        "3": {
          "id": 3,
          "position": [
            221.6736823320389,
            -361.3086938858032,
            2559.882164001465
          ],
          "positionconfidence": 1,
          "rotation": [
            0.997986912727356,
            -0.06013331189751625,
            0.02015398256480694,
            0.06076674163341522,
            0.9976244568824768,
            -0.03244777768850327,
            -0.01815491355955601,
            0.03360715135931969,
            0.9992702603340149
          ],
          "rotationconfidence": 1
        },
        "4": {
          "id": 4,
          "position": [
            218.5986936092377,
            -421.820878982544,
            2508.062124252319
          ],
          "positionconfidence": 1,
          "rotation": [
            0.9980410933494568,
            -0.06132286787033081,
            0.01238546799868345,
            0.03856866806745529,
            0.7589862942695618,
            0.6499633193016052,
            -0.04925801232457161,
            -0.6482123732566833,
            0.7598646283149719
          ],
          "rotationconfidence": 1
        },
        "6": {
          "id": 6,
          "position": [
            65.68130850791931,
            -142.7268385887146,
            2546.37622833252
          ],
          "positionconfidence": 1,
          "rotation": [
            0.2891433835029602,
            0.8687444925308228,
            -0.4020935297012329,
            0.1550658345222473,
            -0.456992506980896,
            -0.8758496642112732,
            -0.9446431994438171,
            0.1908951252698898,
            -0.2668489217758179
          ],
          "rotationconfidence": 1
        },
        "7": {
          "id": 7,
          "position": [
            -3.571051405742765,
            -350.7986962795258,
            2642.681121826172
          ],
          "positionconfidence": 1,
          "rotation": [
            -0.2074336409568787,
            0.2826631963253021,
            0.9365216493606567,
            0.2542057931423187,
            0.9400322437286377,
            -0.2274177968502045,
            -0.9446431994438171,
            0.1908951252698898,
            -0.2668489217758179
          ],
          "rotationconfidence": 1
        },
        "8": {
          "id": 8,
          "position": [
            50.48929527401924,
            -424.4650006294251,
            2398.609399795532
          ],
          "positionconfidence": 1,
          "rotation": [
            0.009968670085072517,
            0.4120075106620789,
            0.911125898361206,
            0,
            0.9111712574958801,
            -0.4120280146598816,
            -0.9999503493309021,
            0.004107371438294649,
            0.009083165787160397
          ],
          "rotationconfidence": 1
        },
        "9": {
          "id": 9,
          "position": [
            49.7891791164875,
            -453.4009695053101,
            2334.619522094727
          ],
          "positionconfidence": 0.5,
          "rotation": [
            0.009968670085072517,
            0.4120075106620789,
            0.911125898361206,
            0,
            0.9111712574958801,
            -0.4120280146598816,
            -0.9999503493309021,
            0.004107371438294649,
            0.009083165787160397
          ],
          "rotationconfidence": 0.5
        },
        "12": {
          "id": 12,
          "position": [
            409.1295003890991,
            -140.2972191572189,
            2552.534341812134
          ],
          "positionconfidence": 1,
          "rotation": [
            0.2336151450872421,
            -0.930641233921051,
            0.281657487154007,
            -0.3171871900558472,
            -0.3467678129673004,
            -0.8826915621757507,
            0.9191388487815857,
            0.1168719679117203,
            -0.3761976659297943
          ],
          "rotationconfidence": 1
        },
        "13": {
          "id": 13,
          "position": [
            466.6652977466583,
            -369.4997727870941,
            2621.902227401733
          ],
          "positionconfidence": 1,
          "rotation": [
            -0.3463626801967621,
            -0.2151694595813751,
            -0.9130909442901611,
            -0.1876609772443771,
            0.9695581793785095,
            -0.157290518283844,
            0.9191388487815857,
            0.1168719679117203,
            -0.3761976659297943
          ],
          "rotationconfidence": 1
        },
        "14": {
          "id": 14,
          "position": [
            377.5633275508881,
            -424.8522222042084,
            2387.009143829346
          ],
          "positionconfidence": 1,
          "rotation": [
            -0.4417978823184967,
            0.1898715347051621,
            -0.8767915964126587,
            0,
            -0.9773461818695068,
            -0.2116468846797943,
            -0.897114634513855,
            -0.0935051441192627,
            0.4317894876003265
          ],
          "rotationconfidence": 1
        },
        "15": {
          "id": 15,
          "position": [
            345.9595739841461,
            -411.269873380661,
            2324.288368225098
          ],
          "positionconfidence": 0.5,
          "rotation": [
            -0.4417978823184967,
            0.1898715347051621,
            -0.8767915964126587,
            0,
            -0.9773461818695068,
            -0.2116468846797943,
            -0.897114634513855,
            -0.0935051441192627,
            0.4317894876003265
          ],
          "rotationconfidence": 0.5
        },
        "17": {
          "id": 17,
          "position": [
            136.7493867874146,
            -495.3232109546661,
            2495.435953140259
          ],
          "positionconfidence": 1,
          "rotation": [
            0.8501551151275635,
            -0.5084589719772339,
            -0.1367692053318024,
            0.5249318480491638,
            0.7982399463653564,
            0.2953974306583405,
            -0.04102282598614693,
            -0.3229281306266785,
            0.9455339908599854
          ],
          "rotationconfidence": 1
        },
        "18": {
          "id": 18,
          "position": [
            -50.04151165485382,
            -779.3676257133484,
            2390.322208404541
          ],
          "positionconfidence": 1,
          "rotation": [
            0.7416203618049622,
            -0.670819878578186,
            0,
            0.5664414167404175,
            0.6262254118919373,
            0.5357106328010559,
            -0.3593653440475464,
            -0.3972939252853394,
            0.8444016575813293
          ],
          "rotationconfidence": 1
        },
        "19": {
          "id": 19,
          "position": [
            -262.05974817276,
            -1013.762950897217,
            2189.806461334229
          ],
          "positionconfidence": 0.5,
          "rotation": [
            -0.05804480239748955,
            -0.9983139634132385,
            0,
            0.9793422222137451,
            -0.05694172903895378,
            -0.1940274983644486,
            0.19370037317276,
            -0.01126228831708431,
            0.9809961915016174
          ],
          "rotationconfidence": 0.5
        },
        "20": {
          "id": 20,
          "position": [
            -285.2669060230255,
            -1012.413620948792,
            2072.27373123169
          ],
          "positionconfidence": 0.5,
          "rotation": [
            -0.05804480239748955,
            -0.9983139634132385,
            0,
            0.9793422222137451,
            -0.05694172903895378,
            -0.1940274983644486,
            0.19370037317276,
            -0.01126228831708431,
            0.9809961915016174
          ],
          "rotationconfidence": 0.5
        },
        "21": {
          "id": 21,
          "position": [
            291.3702428340912,
            -501.8035173416138,
            2499.93109703064
          ],
          "positionconfidence": 1,
          "rotation": [
            0.8974815607070923,
            0.3849471211433411,
            0.2152730375528336,
            -0.438889741897583,
            0.8277460336685181,
            0.3495886027812958,
            -0.04361826926469803,
            -0.4082305133342743,
            0.9118362665176392
          ],
          "rotationconfidence": 1
        },
        "22": {
          "id": 22,
          "position": [
            447.3629593849182,
            -796.0057854652405,
            2375.678300857544
          ],
          "positionconfidence": 1,
          "rotation": [
            0.8930558562278748,
            0.4456435143947601,
            0.06207362189888954,
            -0.2180196791887283,
            0.307908445596695,
            0.9260993003845215,
            0.3935971558094025,
            -0.8405916690826416,
            0.3721385002136231
          ],
          "rotationconfidence": 1
        },
        "23": {
          "id": 23,
          "position": [
            531.4440727233887,
            -914.753258228302,
            2018.520355224609
          ],
          "positionconfidence": 0.5,
          "rotation": [
            -0.9270962476730347,
            -0.3748234212398529,
            0,
            0.2938894033432007,
            -0.7269123196601868,
            -0.6206669211387634,
            0.2326404899358749,
            -0.5754179358482361,
            0.7840743064880371
          ],
          "rotationconfidence": 0.5
        },
        "24": {
          "id": 24,
          "position": [
            503.432035446167,
            -845.4676866531372,
            1924.110651016235
          ],
          "positionconfidence": 0.5,
          "rotation": [
            -0.9270962476730347,
            -0.3748234212398529,
            0,
            0.2938894033432007,
            -0.7269123196601868,
            -0.6206669211387634,
            0.2326404899358749,
            -0.5754179358482361,
            0.7840743064880371
          ],
          "rotationconfidence": 0.5
        }
      },
      "skeletonTracked": true,
      "frameCount": 1
    },
    {
      "position": [
        202.9479146003723,
        -422.8623807430267,
        2389.312028884888
      ],
      "positionTracked": true,
      "id": 4168,
      "skeleton": {
        "1": {
          "id": 1,
          "position": [
            242.1836853027344,
            179.8378080129623,
            2568.738460540772
          ],
          "positionconfidence": 1,
          "rotation": [
            0.9999998807907104,
            0.0004202523559797555,
            0,
            -0.0004181151161901653,
            0.9949142932891846,
            0.1007231697440147,
            0.00004232914943713695,
            -0.1007231548428536,
            0.9949143528938293
          ],
          "rotationconfidence": 1
        },
        "2": {
          "id": 2,
          "position": [
            242.267832159996,
            -20.39152756333351,
            2548.467636108398
          ],
          "positionconfidence": 1,
          "rotation": [
            0.9998540282249451,
            -0.001303989207372069,
            0.01703095249831677,
            -0.0004181151161901653,
            0.9949142932891846,
            0.1007231697440147,
            -0.01707568392157555,
            -0.1007156074047089,
            0.9947687387466431
          ],
          "rotationconfidence": 1
        },
        "3": {
          "id": 3,
          "position": [
            221.502035856247,
            -361.3657653331757,
            2559.581518173218
          ],
          "positionconfidence": 1,
          "rotation": [
            0.99798583984375,
            -0.06011868640780449,
            0.02024922147393227,
            0.06075659021735191,
            0.9976227879524231,
            -0.03251700848340988,
            -0.01824620552361012,
            0.03368178755044937,
            0.9992660880088806
          ],
          "rotationconfidence": 1
        },
        "4": {
          "id": 4,
          "position": [
            218.4140384197235,
            -421.8784868717194,
            2507.771730422974
          ],
          "positionconfidence": 1,
          "rotation": [
            0.9980405569076538,
            -0.06137072667479515,
            0.01219389587640762,
            0.03873462229967117,
            0.7590477466583252,
            0.6498815417289734,
            -0.04913945868611336,
            -0.6481359004974365,
            0.7599377036094666
          ],
          "rotationconfidence": 1
        },
        "6": {
          "id": 6,
          "position": [
            65.25567919015884,
            -142.9677307605743,
            2545.948266983032
          ],
          "positionconfidence": 1,
          "rotation": [
            0.2917340397834778,
            0.8678540587425232,
            -0.4021449387073517,
            0.158135712146759,
            -0.4584100544452667,
            -0.8745589256286621,
            -0.9433368444442749,
            0.1915451437234879,
            -0.2709725499153137
          ],
          "rotationconfidence": 1
        },
        "7": {
          "id": 7,
          "position": [
            -4.568100906908512,
            -350.6803810596466,
            2642.197847366333
          ],
          "positionconfidence": 1,
          "rotation": [
            -0.2114479839801788,
            0.2823663055896759,
            0.9357131123542786,
            0.2557448148727417,
            0.9399892687797546,
            -0.2258647084236145,
            -0.9433368444442749,
            0.1915451437234879,
            -0.2709725499153137
          ],
          "rotationconfidence": 1
        },
        "8": {
          "id": 8,
          "position": [
            50.41882768273354,
            -424.1095781326294,
            2398.866176605225
          ],
          "positionconfidence": 1,
          "rotation": [
            0.01030214410275221,
            0.4188919067382813,
            0.9079776406288147,
            0,
            0.908025860786438,
            -0.4189141392707825,
            -0.9999468922615051,
            0.004315713886171579,
            0.009354613721370697
          ],
          "rotationconfidence": 1
        },
        "9": {
          "id": 9,
          "position": [
            49.69002306461334,
            -453.7432491779327,
            2334.633111953735
          ],
          "positionconfidence": 0.5,
          "rotation": [
            0.01030214410275221,
            0.4188919067382813,
            0.9079776406288147,
            0,
            0.908025860786438,
            -0.4189141392707825,
            -0.9999468922615051,
            0.004315713886171579,
            0.009354613721370697
          ],
          "rotationconfidence": 0.5
        },
        "12": {
          "id": 12,
          "position": [
            408.9851677417755,
            -140.1809304952622,
            2552.130699157715
          ],
          "positionconfidence": 1,
          "rotation": [
            0.3569839000701904,
            -0.9204351902008057,
            0.1592530459165573,
            -0.4347928166389465,
            -0.3146217167377472,
            -0.8437820672988892,
            0.826751172542572,
            0.2319745421409607,
            -0.5125135183334351
          ],
          "rotationconfidence": 1
        },
        "13": {
          "id": 13,
          "position": [
            492.1326637268066,
            -354.5656204223633,
            2589.223384857178
          ],
          "positionconfidence": 1,
          "rotation": [
            -0.4603646695613861,
            -0.2446371465921402,
            -0.8533563017845154,
            -0.3233367800712585,
            0.9414564371109009,
            -0.0954611673951149,
            0.826751172542572,
            0.2319745421409607,
            -0.5125135183334351
          ],
          "rotationconfidence": 1
        },
        "14": {
          "id": 14,
          "position": [
            380.0272941589356,
            -414.1382575035095,
            2381.418943405151
          ],
          "positionconfidence": 1,
          "rotation": [
            -0.4767690896987915,
            0.2319603562355042,
            -0.8478711843490601,
            0,
            -0.9645548462867737,
            -0.2638826668262482,
            -0.8790285587310791,
            -0.1258111000061035,
            0.459869921207428
          ],
          "rotationconfidence": 1
        },
        "15": {
          "id": 15,
          "position": [
            345.592200756073,
            -397.3847031593323,
            2320.180654525757
          ],
          "positionconfidence": 1,
          "rotation": [
            -0.4767690896987915,
            0.2319603562355042,
            -0.8478711843490601,
            0,
            -0.9645548462867737,
            -0.2638826668262482,
            -0.8790285587310791,
            -0.1258111000061035,
            0.459869921207428
          ],
          "rotationconfidence": 1
        },
        "17": {
          "id": 17,
          "position": [
            136.5766227245331,
            -495.4545497894287,
            2495.115280151367
          ],
          "positionconfidence": 1,
          "rotation": [
            0.8499271273612976,
            -0.5088787078857422,
            -0.1366249620914459,
            0.5252789258956909,
            0.7980049848556519,
            0.295415073633194,
            -0.04130301997065544,
            -0.3228474855422974,
            0.9455493688583374
          ],
          "rotationconfidence": 1
        },
        "18": {
          "id": 18,
          "position": [
            -50.50762742757797,
            -779.6733975410461,
            2389.899730682373
          ],
          "positionconfidence": 1,
          "rotation": [
            0.740585207939148,
            -0.6719623804092407,
            0,
            0.5672515034675598,
            0.6251809000968933,
            0.5360733270645142,
            -0.3602211177349091,
            -0.3970079720020294,
            0.844171404838562
          ],
          "rotationconfidence": 1
        },
        "19": {
          "id": 19,
          "position": [
            -263.0040645599365,
            -1013.870596885681,
            2189.082860946655
          ],
          "positionconfidence": 0.5,
          "rotation": [
            -0.06857778877019882,
            -0.9976457357406616,
            0,
            0.9785137176513672,
            -0.067262664437294,
            -0.1949013024568558,
            0.1944424659013748,
            -0.01336590107530356,
            0.9808228611946106
          ],
          "rotationconfidence": 0.5
        },
        "20": {
          "id": 20,
          "position": [
            -286.2963080406189,
            -1012.269496917725,
            2071.590185165405
          ],
          "positionconfidence": 0.5,
          "rotation": [
            -0.06857778877019882,
            -0.9976457357406616,
            0,
            0.9785137176513672,
            -0.067262664437294,
            -0.1949013024568558,
            0.1944424659013748,
            -0.01336590107530356,
            0.9808228611946106
          ],
          "rotationconfidence": 0.5
        },
        "21": {
          "id": 21,
          "position": [
            291.1833822727203,
            -501.7970204353333,
            2499.703168869019
          ],
          "positionconfidence": 1,
          "rotation": [
            0.8971743583679199,
            0.3854171335697174,
            0.2157123535871506,
            -0.439498633146286,
            0.8274761438369751,
            0.3494627773761749,
            -0.04380789399147034,
            -0.4083343148231506,
            0.9117806553840637
          ],
          "rotationconfidence": 1
        },
        "22": {
          "id": 22,
          "position": [
            447.477251291275,
            -796.0628867149353,
            2375.427722930908
          ],
          "positionconfidence": 1,
          "rotation": [
            0.892654538154602,
            0.4465241432189941,
            0.06151450052857399,
            -0.2165622711181641,
            0.3051799833774567,
            0.9273435473442078,
            0.3953082859516144,
            -0.8411191701889038,
            0.3691205680370331
          ],
          "rotationconfidence": 1
        },
        "23": {
          "id": 23,
          "position": [
            531.1053395271301,
            -913.911759853363,
            2017.323017120361
          ],
          "positionconfidence": 0.5,
          "rotation": [
            -0.9261451959609985,
            -0.3771672248840332,
            0,
            0.294477790594101,
            -0.723098874092102,
            -0.6248287558555603,
            0.2356649041175842,
            -0.5786821246147156,
            0.7807618975639343
          ],
          "rotationconfidence": 0.5
        },
        "24": {
          "id": 24,
          "position": [
            502.738893032074,
            -844.257116317749,
            1923.344492912293
          ],
          "positionconfidence": 0.5,
          "rotation": [
            -0.9261451959609985,
            -0.3771672248840332,
            0,
            0.294477790594101,
            -0.723098874092102,
            -0.6248287558555603,
            0.2356649041175842,
            -0.5786821246147156,
            0.7807618975639343
          ],
          "rotationconfidence": 0.5
        }
      },
      "skeletonTracked": true,
      "frameCount": 2
    },
    {
      "position": [
        207.0115059614182,
        -426.5944063663483,
        2364.628076553345
      ],
      "positionTracked": true,
      "id": 4168,
      "skeleton": {
        "1": {
          "id": 1,
          "position": [
            240.4908537864685,
            181.6582083702087,
            2569.902420043945
          ],
          "positionconfidence": 1,
          "rotation": [
            0.9999095797538757,
            0.0134455868974328,
            0,
            -0.01338321343064308,
            0.9952710270881653,
            0.09621027857065201,
            0.001293603680096567,
            -0.0962015762925148,
            0.9953609704971313
          ],
          "rotationconfidence": 1
        },
        "2": {
          "id": 2,
          "position": [
            243.1734651327133,
            -17.83986948430538,
            2550.617456436157
          ],
          "positionconfidence": 1,
          "rotation": [
            0.9486695528030396,
            0.04304499924182892,
            -0.3133261203765869,
            -0.01338321343064308,
            0.9952710270881653,
            0.09621027857065201,
            0.3159857988357544,
            -0.08707845211029053,
            0.9447594285011292
          ],
          "rotationconfidence": 1
        },
        "3": {
          "id": 3,
          "position": [
            238.9933913946152,
            -358.0896854400635,
            2564.495801925659
          ],
          "positionconfidence": 1,
          "rotation": [
            0.9507975578308105,
            -0.02427884377539158,
            -0.308860182762146,
            0.01227417681366205,
            0.9990939497947693,
            -0.04075173661112785,
            0.3095697164535523,
            0.03495564684271812,
            0.9502339959144592
          ],
          "rotationconfidence": 1
        },
        "4": {
          "id": 4,
          "position": [
            222.3872691392899,
            -420.6502735614777,
            2513.106346130371
          ],
          "positionconfidence": 1,
          "rotation": [
            0.9681025147438049,
            -0.05645132064819336,
            -0.2441123574972153,
            0.200929194688797,
            0.7569646835327148,
            0.6217972636222839,
            0.1496831774711609,
            -0.6510128378868103,
            0.7441622018814087
          ],
          "rotationconfidence": 1
        },
        "6": {
          "id": 6,
          "position": [
            72.67791032791138,
            -129.4608414173126,
            2585.995435714722
          ],
          "positionconfidence": 1,
          "rotation": [
            0.2098140120506287,
            0.8827378153800964,
            -0.4204188287258148,
            0.07286351174116135,
            -0.4429107308387756,
            -0.8935999870300293,
            -0.975022554397583,
            0.1568566113710403,
            -0.1572482585906982
          ],
          "rotationconfidence": 1
        },
        "7": {
          "id": 7,
          "position": [
            21.06576226651669,
            -346.605509519577,
            2689.414262771606
          ],
          "positionconfidence": 1,
          "rotation": [
            -0.1127341538667679,
            0.2605054080486298,
            0.9588680863380432,
            0.1913688182830811,
            0.9526452422142029,
            -0.2363155484199524,
            -0.975022554397583,
            0.1568566113710403,
            -0.1572482585906982
          ],
          "rotationconfidence": 1
        },
        "8": {
          "id": 8,
          "position": [
            50.22665113210678,
            -413.990318775177,
            2441.384315490723
          ],
          "positionconfidence": 0.5,
          "rotation": [
            0.01673273555934429,
            0.4419048130512238,
            0.8969058394432068,
            0,
            0.8970313668251038,
            -0.4419666826725006,
            -0.9998598694801331,
            0.00739531172439456,
            0.01500978879630566
          ],
          "rotationconfidence": 0.5
        },
        "9": {
          "id": 9,
          "position": [
            49.01783540844917,
            -445.9146559238434,
            2376.58953666687
          ],
          "positionconfidence": 0.5,
          "rotation": [
            0.01673273555934429,
            0.4419048130512238,
            0.8969058394432068,
            0,
            0.8970313668251038,
            -0.4419666826725006,
            -0.9998598694801331,
            0.00739531172439456,
            0.01500978879630566
          ],
          "rotationconfidence": 0.5
        },
        "12": {
          "id": 12,
          "position": [
            373.5867738723755,
            -109.2089787125588,
            2487.219572067261
          ],
          "positionconfidence": 1,
          "rotation": [
            0.2125161737203598,
            -0.2451419830322266,
            -0.9459081888198853,
            -0.9044301509857178,
            0.3171173632144928,
            -0.2853816151618958,
            0.3699229061603546,
            0.9161560535430908,
            -0.1543212234973908
          ],
          "rotationconfidence": 1
        },
        "13": {
          "id": 13,
          "position": [
            437.812089920044,
            -183.2942664623261,
            2201.353073120117
          ],
          "positionconfidence": 1,
          "rotation": [
            -0.6689567565917969,
            0.1473908126354218,
            -0.7285416126251221,
            -0.6447122693061829,
            0.3727384507656097,
            0.6673920154571533,
            0.3699229061603546,
            0.9161560535430908,
            -0.1543212234973908
          ],
          "rotationconfidence": 1
        },
        "14": {
          "id": 14,
          "position": [
            279.2010009288788,
            -148.3475863933563,
            2028.614282608032
          ],
          "positionconfidence": 1,
          "rotation": [
            -0.6051311492919922,
            0.2025071084499359,
            -0.769939661026001,
            0,
            -0.9671080708503723,
            -0.2543657124042511,
            -0.7961257100105286,
            -0.1539246141910553,
            0.5852271914482117
          ],
          "rotationconfidence": 1
        },
        "15": {
          "id": 15,
          "position": [
            209.4196975231171,
            -124.9952763319016,
            1939.827919006348
          ],
          "positionconfidence": 1,
          "rotation": [
            -0.6051311492919922,
            0.2025071084499359,
            -0.769939661026001,
            0,
            -0.9671080708503723,
            -0.2543657124042511,
            -0.7961257100105286,
            -0.1539246141910553,
            0.5852271914482117
          ],
          "rotationconfidence": 1
        },
        "17": {
          "id": 17,
          "position": [
            157.6714515686035,
            -493.3278858661652,
            2531.96907043457
          ],
          "positionconfidence": 1,
          "rotation": [
            0.811183750629425,
            -0.3943023681640625,
            -0.4318642616271973,
            0.5585858821868896,
            0.7410334944725037,
            0.3726275563240051,
            0.1730979532003403,
            -0.5435026288032532,
            0.8213659524917603
          ],
          "rotationconfidence": 1
        },
        "18": {
          "id": 18,
          "position": [
            -43.97886618971825,
            -760.8420848846436,
            2397.449970245361
          ],
          "positionconfidence": 1,
          "rotation": [
            0.7636030912399292,
            -0.6456860303878784,
            0,
            0.5647960305213928,
            0.6679407358169556,
            0.4846242070198059,
            -0.3129150867462158,
            -0.370060533285141,
            0.8747225403785706
          ],
          "rotationconfidence": 1
        },
        "19": {
          "id": 19,
          "position": [
            -257.3761940002441,
            -1013.210654258728,
            2214.344024658203
          ],
          "positionconfidence": 0.5,
          "rotation": [
            0.274516224861145,
            -0.9615824818611145,
            0,
            0.831162691116333,
            0.2372834831476212,
            -0.5028571486473083,
            0.4835385978221893,
            0.1380424350500107,
            0.8643696308135986
          ],
          "rotationconfidence": 0.5
        },
        "20": {
          "id": 20,
          "position": [
            -305.0701320171356,
            -1026.826500892639,
            2129.08673286438
          ],
          "positionconfidence": 0.5,
          "rotation": [
            0.274516224861145,
            -0.9615824818611145,
            0,
            0.831162691116333,
            0.2372834831476212,
            -0.5028571486473083,
            0.4835385978221893,
            0.1380424350500107,
            0.8643696308135986
          ],
          "rotationconfidence": 0.5
        },
        "21": {
          "id": 21,
          "position": [
            292.1316921710968,
            -499.3851482868195,
            2499.624252319336
          ],
          "positionconfidence": 1,
          "rotation": [
            0.8743663430213928,
            0.4820891320705414,
            -0.05543781816959381,
            -0.4361274838447571,
            0.8307753801345825,
            0.345839649438858,
            0.2127819210290909,
            -0.2782126069068909,
            0.9366543889045715
          ],
          "rotationconfidence": 1
        },
        "22": {
          "id": 22,
          "position": [
            447.570413351059,
            -795.4789996147156,
            2376.364707946777
          ],
          "positionconfidence": 1,
          "rotation": [
            0.7936352491378784,
            0.6049681901931763,
            0.06447133421897888,
            -0.3217854797840118,
            0.3274637758731842,
            0.8883813619613647,
            0.5163304209709167,
            -0.7257966995239258,
            0.4545567631721497
          ],
          "rotationconfidence": 1
        },
        "23": {
          "id": 23,
          "position": [
            569.9346661567688,
            -920.0025200843811,
            2038.542985916138
          ],
          "positionconfidence": 0.5,
          "rotation": [
            -0.8440921902656555,
            -0.5361979603767395,
            0,
            0.4274013340473175,
            -0.6728225946426392,
            -0.603852391242981,
            0.3237844705581665,
            -0.5097071528434753,
            0.7970961332321167
          ],
          "rotationconfidence": 0.5
        },
        "24": {
          "id": 24,
          "position": [
            530.0257802009583,
            -857.1772575378418,
            1940.294861793518
          ],
          "positionconfidence": 0.5,
          "rotation": [
            -0.8440921902656555,
            -0.5361979603767395,
            0,
            0.4274013340473175,
            -0.6728225946426392,
            -0.603852391242981,
            0.3237844705581665,
            -0.5097071528434753,
            0.7970961332321167
          ],
          "rotationconfidence": 0.5
        }
      },
      "skeletonTracked": true,
      "frameCount": 3
    },
    {
      "position": [
        200.318768620491,
        -447.1561908721924,
        2343.973636627197
      ],
      "positionTracked": true,
      "id": 4168,
      "skeleton": {
        "1": {
          "id": 1,
          "position": [
            237.9022091627121,
            182.429701089859,
            2574.163675308228
          ],
          "positionconfidence": 1,
          "rotation": [
            0.9999976754188538,
            -0.002168403938412666,
            0,
            0.002140810014680028,
            0.9872722625732422,
            0.1590252220630646,
            -0.0003448309144005179,
            -0.1590248495340347,
            0.9872745871543884
          ],
          "rotationconfidence": 1
        },
        "2": {
          "id": 2,
          "position": [
            237.4627590179443,
            -20.23047767579556,
            2541.520118713379
          ],
          "positionconfidence": 1,
          "rotation": [
            0.8122515082359314,
            0.09104365110397339,
            -0.5761585831642151,
            0.002140810014680028,
            0.9872722625732422,
            0.1590252220630646,
            0.5833035707473755,
            -0.1304018944501877,
            0.8017183542251587
          ],
          "rotationconfidence": 1
        },
        "3": {
          "id": 3,
          "position": [
            247.7075457572937,
            -359.2642843723297,
            2565.749406814575
          ],
          "positionconfidence": 1,
          "rotation": [
            0.8224925994873047,
            -0.01577856205403805,
            -0.5685567855834961,
            -0.03012704104185104,
            0.9970031976699829,
            -0.0712515339255333,
            0.5679773092269897,
            0.07573281228542328,
            0.8195525407791138
          ],
          "rotationconfidence": 1
        },
        "4": {
          "id": 4,
          "position": [
            225.9256094694138,
            -427.1636605262756,
            2521.033525466919
          ],
          "positionconfidence": 1,
          "rotation": [
            0.902328372001648,
            -0.005616272334009409,
            -0.4310127794742584,
            0.258790522813797,
            0.806710422039032,
            0.5312680602073669,
            0.3447187542915344,
            -0.5909202694892883,
            0.7293711304664612
          ],
          "rotationconfidence": 1
        },
        "6": {
          "id": 6,
          "position": [
            80.43576776981354,
            -140.3881013393402,
            2613.435506820679
          ],
          "positionconfidence": 1,
          "rotation": [
            0.1476453691720963,
            0.847457230091095,
            -0.509918749332428,
            -0.005254238378256559,
            -0.5148897767066956,
            -0.8572402000427246,
            -0.9890263080596924,
            0.1292467713356018,
            -0.07156834751367569
          ],
          "rotationconfidence": 1
        },
        "7": {
          "id": 7,
          "position": [
            45.75714096426964,
            -339.4370377063751,
            2733.204126358032
          ],
          "positionconfidence": 1,
          "rotation": [
            -0.03800252079963684,
            0.2455624788999558,
            0.968635618686676,
            0.142767533659935,
            0.9607259035110474,
            -0.2379560470581055,
            -0.9890263080596924,
            0.1292467713356018,
            -0.07156834751367569
          ],
          "rotationconfidence": 1
        },
        "8": {
          "id": 8,
          "position": [
            55.76148629188538,
            -404.0825366973877,
            2478.206157684326
          ],
